# [분석 리포트] K-Movie 천만 흥행의 성공 공식 및 투자 전략

## 1. 개요
*   **분석 대상:** 명량, 기생충, 왕과 사는 남자(2026) 등 A그룹(천만 영화) 및 사도, 올빼미, 헤어질 결심 등 B그룹(중수익 이하) 영화 총 7편.
*   **시장 변화:** 과거 '시즌성+스크린 수' 중심에서 현재 '콘텐츠 파워+팬덤' 중심으로 패러다임 시프트 발생. "허리가 사라진 양극화 시장"으로 재편됨.

## 2. A그룹(천만 영화) 성공의 6대 핵심 동인
1.  **강력한 감성 테마:** 집단 정서(애국/역사), 계급 비판 등 사회적 공감대 형성.
2.  **화제성의 역설:** 역사 왜곡 논란 등 '논쟁성'이 오히려 사회적 현상을 유도하여 흥행 촉진.
3.  **임계값 돌파:** 유튜브 예고편 조회수 **268만 회** 이상 달성이 흥행의 선행 지표.
4.  **초기 폭발력/역주행:** 개봉 3일 내 100만 돌파(폭발형) 또는 2주차 역성장(역주행형) 필수.
5.  **입소문 및 팬덤:** 코어 팬덤의 주도적 확산과 2주차 드롭률 최소화(-30% 이내).
6.  **안전 제작비 구조:** ROI가 극대화되는 **100억~150억 원** 구간의 제작비 집행.

## 3. 투자 시나리오 및 수익성 분석
### [ROI 및 BEP 시나리오]
*   **낙관 시나리오:** 관객 1,000만 명 이상, ROI **400%~2,167%** (명량, 기생충 사례).
*   **중립 시나리오:** 관객 500만~700만 명, 안정적 BEP 달성.
*   **비관 시나리오:** 관객 300만 명 이하, 투자금 회수 난항.

### [제작비 구간별 투자 판단]
*   **안전 구간 (150억 이하):** 최고 ROI(기생충 1,000%, 명량 2,167%) 기대 가능.
*   **주의 구간 (150억~233억):** 리스크 증가, 관객 1,000만 명 미달 시 손실 가능성 높음.
*   **위험 구간 (233억 초과):** 손익분기점이 너무 높아 투자 회수 극히 어려움.

## 4. B그룹(흥행 정체) 실패 원인 분석
*   **타겟 미스매치:** 높은 사전 버즈에도 불구하고 실제 관객층과의 불일치로 흥행 미달 (예: 헤어질 결심).
*   **단기 소진형 패턴:** 초반 반짝 흥행 후 대중 확산 실패, 조기 피크 후 관객 급감 (예: 남산의 부장들).
*   **장르 소비의 한계:** 완성도는 높으나 코어 팬덤 이상의 대중적 확장성 부족 (예: 올빼미).

## 5. 전략적 투자 가이드라인 (Fandom-Mass Matrix)
1.  **완벽 동기화형 (High 대중성/High 팬덤):** [기생충 모델] 예술성과 대중성 동시 달성. 최적 제작비 100-150억. **(적극 투자)**
2.  **감성 폭발형 (High 대중성/Low 팬덤):** [명량 모델] 사회적 현상 창출, 고수익 기대. **(전략 투자)**
3.  **코어 팬덤형 (Low 대중성/High 팬덤):** [왕과 사는 남자 모델] 80억 미만 중예산, 입소문 기반 롱런 전략. **(안전 투자)**
4.  **장르 소비형 (Low 대중성/Low 팬덤):** [헤어질 결심 모델] 높은 리스크, 제한적 수익성. **(회피 대상)**

## 6. 결론 및 제언
*   **72시간 골든타임 모니터링:** 개봉 후 3일 내 성과에 따라 마케팅 집중 또는 조기 수익 확정 전략 결정 필요.
*   **디지털 화제성 관리:** 유튜브 조회수와 사전 버즈 60% 이상 확보가 천만 달성의 필수 조건임.
*   **미래 전략:** 글로벌 자본 유치 및 OTT 동시 공개 등 수익 다변화 전략 병행 권고.

---

# [데이터 부록] 상세 EDA 리포트

# project_all/data 전체 CSV EDA 분석 리포트

> **분석 일시**: 2026-03-30
> **분석 대상**: 11개 CSV 파일 (naver_review_data.csv 제외)
> **분석가**: 20년차 전문 데이터 분석가 관점 기준
════════════════════════════════════════════════════════════════════════════════

## all_movies_processed_integrated.csv
────────────────────────────────────────────────────────────────────────────────
### 1. 기본 정보
- **전체 행×열**: 347행 × 20열
- **컬럼 목록**: ['rnum', 'rank', 'rankInten', 'rankOldAndNew', 'movieCd', 'movieNm', 'openDt', 'salesAmt', 'salesShare', 'salesInten', 'salesChange', 'salesAcc', 'audiCnt', 'audiInten', 'audiChange', 'audiAcc', 'scrnCnt', 'showCnt', 'targetDt', 'aud_per_show']

**df.info()**
```
<class 'pandas.DataFrame'>
RangeIndex: 347 entries, 0 to 346
Data columns (total 20 columns):
 #   Column         Non-Null Count  Dtype  
---  ------         --------------  -----  
 0   rnum           347 non-null    int64  
 1   rank           347 non-null    int64  
 2   rankInten      347 non-null    int64  
 3   rankOldAndNew  347 non-null    str    
 4   movieCd        347 non-null    int64  
 5   movieNm        347 non-null    str    
 6   openDt         347 non-null    str    
 7   salesAmt       347 non-null    int64  
 8   salesShare     347 non-null    float64
 9   salesInten     347 non-null    int64  
 10  salesChange    347 non-null    float64
 11  salesAcc       347 non-null    int64  
 12  audiCnt        347 non-null    int64  
 13  audiInten      347 non-null    int64  
 14  audiChange     347 non-null    float64
 15  audiAcc        347 non-null    int64  
 16  scrnCnt        347 non-null    int64  
 17  showCnt        347 non-null    int64  
 18  targetDt       347 non-null    int64  
 19  aud_per_show   347 non-null    float64
dtypes: float64(4), int64(13), str(3)
memory usage: 62.7 KB

```

### 2. 데이터 샘플 (상위/하위 5행)

#### 상위 5행
|   rnum |   rank |   rankInten | rankOldAndNew   |   movieCd | movieNm   | openDt     |   salesAmt |   salesShare |   salesInten |   salesChange |    salesAcc |   audiCnt |   audiInten |   audiChange |   audiAcc |   scrnCnt |   showCnt |   targetDt |   aud_per_show |
|-------:|-------:|------------:|:----------------|----------:|:----------|:-----------|-----------:|-------------:|-------------:|--------------:|------------:|----------:|------------:|-------------:|----------:|----------:|----------:|-----------:|---------------:|
|      1 |      1 |          38 | OLD             |  20148846 | 사도        | 2015-09-16 | 1876614700 |         56.9 |   1875522700 |      171751   |  1989663700 |    250237 |      250081 |     160308   |    264692 |      1123 |      6108 |   20150916 |          40.97 |
|      1 |      1 |           0 | OLD             |  20148846 | 사도        | 2015-09-16 | 1674687200 |         53.9 |   -201927500 |         -10.8 |  3664350900 |    223381 |      -26856 |        -10.7 |    488073 |      1190 |      6447 |   20150917 |          34.65 |
|      1 |      1 |           0 | OLD             |  20148846 | 사도        | 2015-09-16 | 2262167824 |         51   |    587480624 |          35.1 |  5926518724 |    281969 |       58588 |         26.2 |    770042 |      1203 |      6661 |   20150918 |          42.33 |
|      1 |      1 |           0 | OLD             |  20148846 | 사도        | 2015-09-16 | 4415344655 |         50.2 |   2153176831 |          95.2 | 10341863379 |    543047 |      261078 |         92.6 |   1313089 |      1210 |      6948 |   20150919 |          78.16 |
|      1 |      1 |           0 | OLD             |  20148846 | 사도        | 2015-09-16 | 4024137100 |         50.8 |   -391207555 |          -8.9 | 14366000479 |    497421 |      -45626 |         -8.4 |   1810510 |      1205 |      6718 |   20150920 |          74.04 |

#### 하위 5행
|   rnum |   rank |   rankInten | rankOldAndNew   |   movieCd | movieNm   | openDt     |   salesAmt |   salesShare |   salesInten |   salesChange |    salesAcc |   audiCnt |   audiInten |   audiChange |   audiAcc |   scrnCnt |   showCnt |   targetDt |   aud_per_show |
|-------:|-------:|------------:|:----------------|----------:|:----------|:-----------|-----------:|-------------:|-------------:|--------------:|------------:|----------:|------------:|-------------:|----------:|----------:|----------:|-----------:|---------------:|
|      9 |      9 |          -1 | OLD             |  20209654 | 헤어질 결심    | 2022-06-29 |   27041797 |          1.5 |      1627980 |           6.4 | 19194080467 |      2608 |         147 |          6   |   1850605 |       144 |       222 |   20220823 |          11.75 |
|      8 |      8 |           1 | OLD             |  20209654 | 헤어질 결심    | 2022-06-29 |   16287900 |          0.7 |    -10753897 |         -39.8 | 19210368367 |      1616 |        -992 |        -38   |   1852221 |        96 |       133 |   20220824 |          12.15 |
|      9 |      9 |           2 | OLD             |  20209654 | 헤어질 결심    | 2022-06-29 |   20097100 |          0.8 |      4402602 |          28.1 | 19246159965 |      1748 |         264 |         17.8 |   1855453 |        97 |       132 |   20220826 |          13.24 |
|      8 |      8 |           5 | OLD             |  20209654 | 헤어질 결심    | 2022-06-29 |   14133599 |          1   |    -13099697 |         -48.1 | 19316757857 |      1377 |        -963 |        -41.2 |   1861839 |        90 |       132 |   20220829 |          10.43 |
|     10 |     10 |          -2 | OLD             |  20209654 | 헤어질 결심    | 2022-06-29 |   15243500 |          1   |      1109901 |           7.9 | 19332001357 |      1450 |          73 |          5.3 |   1863289 |        93 |       129 |   20220830 |          11.24 |

### 3. 데이터 품질 확인
- **중복 행 수**: 0개 (0.00%)
- **결측치**: 없음

### 4. 기술통계량

#### 수치형 변수 기술통계
|       |     rnum |     rank |   rankInten |         movieCd |      salesAmt |   salesShare |    salesInten |   salesChange |      salesAcc |          audiCnt |   audiInten |   audiChange |          audiAcc |   scrnCnt |   showCnt |        targetDt |   aud_per_show |
|:------|---------:|---------:|------------:|----------------:|--------------:|-------------:|--------------:|--------------:|--------------:|-----------------:|------------:|-------------:|-----------------:|----------:|----------:|----------------:|---------------:|
| count | 347      | 347      |    347      |   347           | 347           |     347      | 347           |       347     | 347           |    347           |     347     |       347    |    347           |   347     |    347    |   347           |       347      |
| mean  |   3.6311 |   3.6311 |      0.2017 |     2.01891e+07 |   1.4243e+09  |      25.6476 |   3.07826e+06 |       827.855 |   5.19925e+10 | 165338           |     335.631 |       830.73 |      6.13823e+06 |   853.64  |   3418.12 |     2.01974e+07 |        37.4487 |
| std   |   2.7939 |   2.7939 |      3.0373 | 38014.5         |   2.06811e+09 |      26.0646 |   1.16347e+09 |     10463.2   |   3.99042e+10 | 242970           |  129375     |     10207.1  |      5.05481e+06 |   587.974 |   3023.92 | 38411.6         |        29.5635 |
| min   |   1      |   1      |     -5      |     2.01294e+07 |   3.08096e+06 |       0.2    |  -5.63513e+09 |       -81.6   |   1.03663e+09 |    382           | -612110     |       -81.4  | 114564           |    41     |     80    |     2.01407e+07 |         2.83   |
| 25%   |   1      |   1      |      0      |     2.01488e+07 |   1.32279e+08 |       3.2    |  -1.24614e+08 |       -22.05  |   1.8657e+10  |  15978           |  -12975.5   |       -21.35 |      1.83563e+06 |   360     |    672.5  |     2.0151e+07  |        17.96   |
| 50%   |   3      |   3      |      0      |     2.01838e+07 |   5.49382e+08 |      14      |  -8.7588e+06  |        -4.4   |   3.98012e+10 |  61860           |    -836     |        -3.2  |      4.60572e+06 |   733     |   2130    |     2.02002e+07 |        26.97   |
| 75%   |   5.5    |   5.5    |      0      |     2.02278e+07 |   1.69109e+09 |      47.85   |   9.07675e+07 |        30.45  |   8.33811e+10 | 193848           |    8952.5   |        25.4  |      9.6983e+06  |  1340     |   6246.5  |     2.02212e+07 |        45.795  |
| max   |  10      |  10      |     38      |     2.02428e+07 |   1.00312e+10 |      83.9    |   4.77546e+09 |    171751     |   1.35529e+11 |      1.25738e+06 |  674628     |    160308    |      1.75836e+07 |  2262     |  10416    |     2.02603e+07 |       162.07   |

#### 범주형 변수 기술통계
|        | rankOldAndNew   | movieNm   | openDt     |
|:-------|:----------------|:----------|:-----------|
| count  | 347             | 347       | 347        |
| unique | 2               | 7         | 7          |
| top    | OLD             | 기생충       | 2019-05-30 |
| freq   | 346             | 64        | 64         |

### 5. 데이터 시각화 및 심층 분석

#### 📊 수치형 변수 분포 및 기술통계
![수치형 변수 분포 및 기술통계](../images/all_movies_processed_integrated_numeric_hist.png)

**[데이터 요약 표]**
|       |     rnum |     rank |   rankInten |         movieCd |      salesAmt |   salesShare |    salesInten |   salesChange |      salesAcc |
|:------|---------:|---------:|------------:|----------------:|--------------:|-------------:|--------------:|--------------:|--------------:|
| count | 347      | 347      |    347      |   347           | 347           |     347      | 347           |       347     | 347           |
| mean  |   3.6311 |   3.6311 |      0.2017 |     2.01891e+07 |   1.4243e+09  |      25.6476 |   3.07826e+06 |       827.855 |   5.19925e+10 |
| std   |   2.7939 |   2.7939 |      3.0373 | 38014.5         |   2.06811e+09 |      26.0646 |   1.16347e+09 |     10463.2   |   3.99042e+10 |
| min   |   1      |   1      |     -5      |     2.01294e+07 |   3.08096e+06 |       0.2    |  -5.63513e+09 |       -81.6   |   1.03663e+09 |
| 25%   |   1      |   1      |      0      |     2.01488e+07 |   1.32279e+08 |       3.2    |  -1.24614e+08 |       -22.05  |   1.8657e+10  |
| 50%   |   3      |   3      |      0      |     2.01838e+07 |   5.49382e+08 |      14      |  -8.7588e+06  |        -4.4   |   3.98012e+10 |
| 75%   |   5.5    |   5.5    |      0      |     2.02278e+07 |   1.69109e+09 |      47.85   |   9.07675e+07 |        30.45  |   8.33811e+10 |
| max   |  10      |  10      |     38      |     2.02428e+07 |   1.00312e+10 |      83.9    |   4.77546e+09 |    171751     |   1.35529e+11 |

> **전문 분석가 해석**: 각 수치형 변수의 데이터 분포를 히스토그램으로 시각화하였습니다. 분포의 왜도, 첨도, 중앙 집중 경향성 및 이상치 존재 가능성을 파악할 수 있으며, 데이터 전처리 방향을 결정하는 기초 자료가 됩니다.
........................................

#### 📊 변수 간 상관관계 행렬
![변수 간 상관관계 행렬](../images/all_movies_processed_integrated_correlation.png)

**[데이터 요약 표]**
|              |    rnum |    rank |   rankInten |   movieCd |   salesAmt |   salesShare |   salesInten |   salesChange |   salesAcc |   audiCnt |   audiInten |   audiChange |   audiAcc |   scrnCnt |   showCnt |   targetDt |   aud_per_show |
|:-------------|--------:|--------:|------------:|----------:|-----------:|-------------:|-------------:|--------------:|-----------:|----------:|------------:|-------------:|----------:|----------:|----------:|-----------:|---------------:|
| rnum         |  1      |  1      |     -0.1169 |   -0.1414 |    -0.5597 |      -0.7815 |      -0.0137 |       -0.0746 |     0.2059 |   -0.5533 |     -0.0149 |      -0.0769 |    0.2192 |   -0.8411 |   -0.8253 |    -0.145  |        -0.3309 |
| rank         |  1      |  1      |     -0.1169 |   -0.1414 |    -0.5597 |      -0.7815 |      -0.0137 |       -0.0746 |     0.2059 |   -0.5533 |     -0.0149 |      -0.0769 |    0.2192 |   -0.8411 |   -0.8253 |    -0.145  |        -0.3309 |
| rankInten    | -0.1169 | -0.1169 |      1      |   -0.0216 |     0.0459 |       0.1342 |       0.1728 |        0.9106 |    -0.1326 |    0.0546 |      0.1988 |       0.9288 |   -0.1254 |    0.0929 |    0.1227 |    -0.0151 |         0.0133 |
| movieCd      | -0.1414 | -0.1414 |     -0.0216 |    1      |    -0.0759 |       0.1912 |       0.0037 |       -0.0566 |    -0.461  |   -0.1527 |      0.0036 |      -0.0556 |   -0.5501 |    0.3379 |    0.1606 |     0.9815 |        -0.3763 |
| salesAmt     | -0.5597 | -0.5597 |      0.0459 |   -0.0759 |     1      |       0.7416 |       0.2802 |        0.0254 |    -0.0085 |    0.9925 |      0.2807 |       0.0275 |   -0.0155 |    0.6923 |    0.7627 |    -0.0318 |         0.8193 |
| salesShare   | -0.7815 | -0.7815 |      0.1342 |    0.1912 |     0.7416 |       1      |       0.0308 |        0.0957 |    -0.0294 |    0.722  |      0.0369 |       0.0991 |   -0.0663 |    0.9477 |    0.9671 |     0.2377 |         0.4187 |
| salesInten   | -0.0137 | -0.0137 |      0.1728 |    0.0037 |     0.2802 |       0.0308 |       1      |        0.1421 |    -0.1148 |    0.2606 |      0.9924 |       0.1486 |   -0.1073 |    0.0641 |    0.0708 |     0.0042 |         0.2625 |
| salesChange  | -0.0746 | -0.0746 |      0.9106 |   -0.0566 |     0.0254 |       0.0957 |       0.1421 |        1      |    -0.0988 |    0.0343 |      0.1655 |       0.9971 |   -0.0917 |    0.051  |    0.0825 |    -0.0566 |         0.0109 |
| salesAcc     |  0.2059 |  0.2059 |     -0.1326 |   -0.461  |    -0.0085 |      -0.0294 |      -0.1148 |       -0.0988 |     1      |   -0.0014 |     -0.1214 |      -0.1016 |    0.992  |   -0.1272 |   -0.0875 |    -0.411  |         0.1536 |
| audiCnt      | -0.5533 | -0.5533 |      0.0546 |   -0.1527 |     0.9925 |       0.722  |       0.2606 |        0.0343 |    -0.0014 |    1      |      0.2651 |       0.0365 |   -0.0004 |    0.6535 |    0.7401 |    -0.1106 |         0.8495 |
| audiInten    | -0.0149 | -0.0149 |      0.1988 |    0.0036 |     0.2807 |       0.0369 |       0.9924 |        0.1655 |    -0.1214 |    0.2651 |      1      |       0.1727 |   -0.1145 |    0.065  |    0.0712 |     0.004  |         0.2703 |
| audiChange   | -0.0769 | -0.0769 |      0.9288 |   -0.0556 |     0.0275 |       0.0991 |       0.1486 |        0.9971 |    -0.1016 |    0.0365 |      0.1727 |       1      |   -0.0943 |    0.0544 |    0.0866 |    -0.0542 |         0.0116 |
| audiAcc      |  0.2192 |  0.2192 |     -0.1254 |   -0.5501 |    -0.0155 |      -0.0663 |      -0.1073 |       -0.0917 |     0.992  |   -0.0004 |     -0.1145 |      -0.0943 |    1      |   -0.1706 |   -0.1154 |    -0.5029 |         0.1781 |
| scrnCnt      | -0.8411 | -0.8411 |      0.0929 |    0.3379 |     0.6923 |       0.9477 |       0.0641 |        0.051  |    -0.1272 |    0.6535 |      0.065  |       0.0544 |   -0.1706 |    1      |    0.9663 |     0.3794 |         0.3289 |
| showCnt      | -0.8253 | -0.8253 |      0.1227 |    0.1606 |     0.7627 |       0.9671 |       0.0708 |        0.0825 |    -0.0875 |    0.7401 |      0.0712 |       0.0866 |   -0.1154 |    0.9663 |    1      |     0.2077 |         0.4188 |
| targetDt     | -0.145  | -0.145  |     -0.0151 |    0.9815 |    -0.0318 |       0.2377 |       0.0042 |       -0.0566 |    -0.411  |   -0.1106 |      0.004  |      -0.0542 |   -0.5029 |    0.3794 |    0.2077 |     1      |        -0.3502 |
| aud_per_show | -0.3309 | -0.3309 |      0.0133 |   -0.3763 |     0.8193 |       0.4187 |       0.2625 |        0.0109 |     0.1536 |    0.8495 |      0.2703 |       0.0116 |    0.1781 |    0.3289 |    0.4188 |    -0.3502 |         1      |

> **전문 분석가 해석**: 수치형 변수 간의 피어슨 상관계수를 히트맵으로 분석하였습니다. 상관계수가 1에 가까울수록 강한 정적 상관, -1에 가까울수록 강한 부적 상관을 의미합니다. 이를 통해 변수 간의 선형적 연관성과 다중공선성 문제를 진단할 수 있습니다.
........................................

#### 📊 [rankOldAndNew] 범주 빈도 분포
![[rankOldAndNew] 범주 빈도 분포](../images/all_movies_processed_integrated_rankOldAndNew_freq.png)

**[데이터 요약 표]**
| rankOldAndNew   |   빈도 |
|:----------------|-----:|
| OLD             |  346 |
| NEW             |    1 |

> **전문 분석가 해석**: 'rankOldAndNew' 범주형 변수의 빈도 분포를 시각화하였습니다. 상위 30개 범주를 통해 데이터의 편향성이나 주된 범주 구성을 한눈에 확인할 수 있으며, 범주별 비중 차이가 유의미한지 판단의 근거가 됩니다.
........................................

#### 📊 [movieNm] 범주 빈도 분포
![[movieNm] 범주 빈도 분포](../images/all_movies_processed_integrated_movieNm_freq.png)

**[데이터 요약 표]**
| movieNm   |   빈도 |
|:----------|-----:|
| 기생충       |   64 |
| 헤어질 결심    |   59 |
| 명량        |   56 |
| 올빼미       |   55 |
| 사도        |   42 |
| 왕과 사는 남자  |   42 |
| 남산의 부장들   |   29 |

> **전문 분석가 해석**: 'movieNm' 범주형 변수의 빈도 분포를 시각화하였습니다. 상위 30개 범주를 통해 데이터의 편향성이나 주된 범주 구성을 한눈에 확인할 수 있으며, 범주별 비중 차이가 유의미한지 판단의 근거가 됩니다.
........................................

#### 📊 [openDt] 범주 빈도 분포
![[openDt] 범주 빈도 분포](../images/all_movies_processed_integrated_openDt_freq.png)

**[데이터 요약 표]**
| openDt     |   빈도 |
|:-----------|-----:|
| 2019-05-30 |   64 |
| 2022-06-29 |   59 |
| 2014-07-30 |   56 |
| 2022-11-23 |   55 |
| 2015-09-16 |   42 |
| 2026-02-04 |   42 |
| 2020-01-22 |   29 |

> **전문 분석가 해석**: 'openDt' 범주형 변수의 빈도 분포를 시각화하였습니다. 상위 30개 범주를 통해 데이터의 편향성이나 주된 범주 구성을 한눈에 확인할 수 있으며, 범주별 비중 차이가 유의미한지 판단의 근거가 됩니다.
........................................

#### 📊 [rankOldAndNew]별 [rnum] 분포 비교
![[rankOldAndNew]별 [rnum] 분포 비교](../images/all_movies_processed_integrated_rnum_by_rankOldAndNew_box.png)

**[데이터 요약 표]**
| rankOldAndNew   |   count |   mean |   std |   min |   25% |   50% |   75% |   max |
|:----------------|--------:|-------:|------:|------:|------:|------:|------:|------:|
| NEW             |       1 |   2    | nan   |     2 |     2 |     2 |  2    |     2 |
| OLD             |     346 |   3.64 |   2.8 |     1 |     1 |     3 |  5.75 |    10 |

> **전문 분석가 해석**: 'rnum' 수치 데이터를 'rankOldAndNew' 범주로 그룹화하여 박스플롯으로 분석하였습니다. 그룹별 중앙값, 사분위수 범위(IQR), 이상치 분포를 비교함으로써 범주에 따른 수치값의 유의미한 차이가 존재하는지 직관적으로 파악할 수 있습니다.
........................................

#### 📊 [rnum] vs [rank] 상관 분석
![[rnum] vs [rank] 상관 분석](../images/all_movies_processed_integrated_rnum_vs_rank_scatter.png)

**[데이터 요약 표]**
| 그룹   |   상관계수 |   데이터수 |
|:-----|-------:|-------:|
| OLD  |      1 |    346 |

> **전문 분석가 해석**: 'rnum'와 'rank'의 관계를 산점도로 분석하였습니다. 범주 [rankOldAndNew]를 색상으로 구분하여 데이터의 밀집도, 선형 관계의 강도, 그리고 특정 군집이 형성되는지 여부를 세밀하게 관찰할 수 있습니다.
........................................

#### 📊 [rnum] 시계열 추이 분석
![[rnum] 시계열 추이 분석](../images/all_movies_processed_integrated_rnum_timeseries.png)

**[데이터 요약 표]**
| rankOldAndNew   |   count |   mean |   min |   max |
|:----------------|--------:|-------:|------:|------:|
| NEW             |       1 |   2    |     2 |     2 |
| OLD             |     346 |   3.64 |     1 |    10 |

> **전문 분석가 해석**: 'openDt'에 따른 'rnum'의 시계열 추세를 분석하였습니다. 시간의 흐름에 따른 변동성, 계절적 패턴, 특정 시점의 급격한 변화를 통해 외부 이벤트와의 연관성이나 장기적인 성장/감소 경향을 도출할 수 있습니다.
........................................

> ✅ 해당 파일에 대해 총 **8개**의 정밀 시각화 및 분석 표 생성을 완료하였습니다.
────────────────────────────────────────────────────────────────────────────────

### 추가 시각화

#### 📊 all_movies_processed_integrated - 영화별 누적관객수 비교
![all_movies_processed_integrated - 영화별 누적관객수 비교](../images/all_movies_processed_integrated_audi_acc_bar.png)

**[데이터 요약 표]**
| movieNm   |   최대 누적관객수 |
|:----------|-----------:|
| 명량        |   17583608 |
| 왕과 사는 남자  |   13722159 |
| 기생충       |   10065245 |
| 사도        |    6234631 |
| 남산의 부장들   |    4748387 |
| 올빼미       |    3321661 |
| 헤어질 결심    |    1863289 |

> **전문 분석가 해석**: 영화별 누적 관객수 최대치를 비교 분석하였습니다. 시장 점유율과 흥행 규모를 직관적으로 파악할 수 있는 지표입니다.
........................................

## boxoffice_daily_integrated.csv
────────────────────────────────────────────────────────────────────────────────
### 1. 기본 정보
- **전체 행×열**: 347행 × 20열
- **컬럼 목록**: ['rnum', 'rank', 'rankInten', 'rankOldAndNew', 'movieCd', 'movieNm', 'openDt', 'salesAmt', 'salesShare', 'salesInten', 'salesChange', 'salesAcc', 'audiCnt', 'audiInten', 'audiChange', 'audiAcc', 'scrnCnt', 'showCnt', 'targetDt', 'movie_id']

**df.info()**
```
<class 'pandas.DataFrame'>
RangeIndex: 347 entries, 0 to 346
Data columns (total 20 columns):
 #   Column         Non-Null Count  Dtype  
---  ------         --------------  -----  
 0   rnum           347 non-null    int64  
 1   rank           347 non-null    int64  
 2   rankInten      347 non-null    int64  
 3   rankOldAndNew  347 non-null    str    
 4   movieCd        347 non-null    int64  
 5   movieNm        347 non-null    str    
 6   openDt         347 non-null    str    
 7   salesAmt       347 non-null    int64  
 8   salesShare     347 non-null    float64
 9   salesInten     347 non-null    int64  
 10  salesChange    347 non-null    float64
 11  salesAcc       347 non-null    int64  
 12  audiCnt        347 non-null    int64  
 13  audiInten      347 non-null    int64  
 14  audiChange     347 non-null    float64
 15  audiAcc        347 non-null    int64  
 16  scrnCnt        347 non-null    int64  
 17  showCnt        347 non-null    int64  
 18  targetDt       347 non-null    int64  
 19  movie_id       347 non-null    str    
dtypes: float64(3), int64(13), str(4)
memory usage: 66.8 KB

```

### 2. 데이터 샘플 (상위/하위 5행)

#### 상위 5행
|   rnum |   rank |   rankInten | rankOldAndNew   |   movieCd | movieNm   | openDt     |    salesAmt |   salesShare |   salesInten |   salesChange |    salesAcc |   audiCnt |   audiInten |   audiChange |   audiAcc |   scrnCnt |   showCnt |   targetDt | movie_id    |
|-------:|-------:|------------:|:----------------|----------:|:----------|:-----------|------------:|-------------:|-------------:|--------------:|------------:|----------:|------------:|-------------:|----------:|----------:|----------:|-----------:|:------------|
|      1 |      1 |           4 | OLD             |  20129370 | 명량        | 2014-07-30 |  4708879000 |         61.6 |   4649246000 |        7796.4 |  4881110000 |    682701 |      674628 |       8356.6 |    705201 |      1159 |      6147 |   20140730 | myeongryang |
|      1 |      1 |           0 | OLD             |  20129370 | 명량        | 2014-07-30 |  5243409900 |         59.5 |    534530900 |          11.4 | 10124519900 |    705070 |       22369 |          3.3 |   1410271 |      1202 |      6258 |   20140731 | myeongryang |
|      1 |      1 |           0 | OLD             |  20129370 | 명량        | 2014-07-30 |  6918410307 |         64   |   1675000407 |          31.9 | 17042930207 |    867437 |      162367 |         23   |   2277708 |      1300 |      6699 |   20140801 | myeongryang |
|      1 |      1 |           0 | OLD             |  20129370 | 명량        | 2014-07-30 |  9826541209 |         65.1 |   2908130902 |          42   | 26869471416 |   1232529 |      365092 |         42.1 |   3510237 |      1494 |      7605 |   20140802 | myeongryang |
|      1 |      1 |           0 | OLD             |  20129370 | 명량        | 2014-07-30 | 10031212500 |         67.5 |    204671291 |           2.1 | 36900683916 |   1257380 |       24851 |          2   |   4767617 |      1587 |      7963 |   20140803 | myeongryang |

#### 하위 5행
|   rnum |   rank |   rankInten | rankOldAndNew   |   movieCd | movieNm   | openDt     |   salesAmt |   salesShare |   salesInten |   salesChange |    salesAcc |   audiCnt |   audiInten |   audiChange |   audiAcc |   scrnCnt |   showCnt |   targetDt | movie_id          |
|-------:|-------:|------------:|:----------------|----------:|:----------|:-----------|-----------:|-------------:|-------------:|--------------:|------------:|----------:|------------:|-------------:|----------:|----------:|----------:|-----------:|:------------------|
|      9 |      9 |          -1 | OLD             |  20209654 | 헤어질 결심    | 2022-06-29 |   27041797 |          1.5 |      1627980 |           6.4 | 19194080467 |      2608 |         147 |          6   |   1850605 |       144 |       222 |   20220823 | decision_to_leave |
|      8 |      8 |           1 | OLD             |  20209654 | 헤어질 결심    | 2022-06-29 |   16287900 |          0.7 |    -10753897 |         -39.8 | 19210368367 |      1616 |        -992 |        -38   |   1852221 |        96 |       133 |   20220824 | decision_to_leave |
|      9 |      9 |           2 | OLD             |  20209654 | 헤어질 결심    | 2022-06-29 |   20097100 |          0.8 |      4402602 |          28.1 | 19246159965 |      1748 |         264 |         17.8 |   1855453 |        97 |       132 |   20220826 | decision_to_leave |
|      8 |      8 |           5 | OLD             |  20209654 | 헤어질 결심    | 2022-06-29 |   14133599 |          1   |    -13099697 |         -48.1 | 19316757857 |      1377 |        -963 |        -41.2 |   1861839 |        90 |       132 |   20220829 | decision_to_leave |
|     10 |     10 |          -2 | OLD             |  20209654 | 헤어질 결심    | 2022-06-29 |   15243500 |          1   |      1109901 |           7.9 | 19332001357 |      1450 |          73 |          5.3 |   1863289 |        93 |       129 |   20220830 | decision_to_leave |

### 3. 데이터 품질 확인
- **중복 행 수**: 0개 (0.00%)
- **결측치**: 없음

### 4. 기술통계량

#### 수치형 변수 기술통계
|       |     rnum |     rank |   rankInten |         movieCd |      salesAmt |   salesShare |    salesInten |   salesChange |      salesAcc |          audiCnt |   audiInten |   audiChange |          audiAcc |   scrnCnt |   showCnt |        targetDt |
|:------|---------:|---------:|------------:|----------------:|--------------:|-------------:|--------------:|--------------:|--------------:|-----------------:|------------:|-------------:|-----------------:|----------:|----------:|----------------:|
| count | 347      | 347      |    347      |   347           | 347           |     347      | 347           |       347     | 347           |    347           |     347     |       347    |    347           |   347     |    347    |   347           |
| mean  |   3.6311 |   3.6311 |      0.2017 |     2.01891e+07 |   1.4243e+09  |      25.6476 |   3.07826e+06 |       827.855 |   5.19925e+10 | 165338           |     335.631 |       830.73 |      6.13823e+06 |   853.64  |   3418.12 |     2.01974e+07 |
| std   |   2.7939 |   2.7939 |      3.0373 | 38014.5         |   2.06811e+09 |      26.0646 |   1.16347e+09 |     10463.2   |   3.99042e+10 | 242970           |  129375     |     10207.1  |      5.05481e+06 |   587.974 |   3023.92 | 38411.6         |
| min   |   1      |   1      |     -5      |     2.01294e+07 |   3.08096e+06 |       0.2    |  -5.63513e+09 |       -81.6   |   1.03663e+09 |    382           | -612110     |       -81.4  | 114564           |    41     |     80    |     2.01407e+07 |
| 25%   |   1      |   1      |      0      |     2.01488e+07 |   1.32279e+08 |       3.2    |  -1.24614e+08 |       -22.05  |   1.8657e+10  |  15978           |  -12975.5   |       -21.35 |      1.83563e+06 |   360     |    672.5  |     2.0151e+07  |
| 50%   |   3      |   3      |      0      |     2.01838e+07 |   5.49382e+08 |      14      |  -8.7588e+06  |        -4.4   |   3.98012e+10 |  61860           |    -836     |        -3.2  |      4.60572e+06 |   733     |   2130    |     2.02002e+07 |
| 75%   |   5.5    |   5.5    |      0      |     2.02278e+07 |   1.69109e+09 |      47.85   |   9.07675e+07 |        30.45  |   8.33811e+10 | 193848           |    8952.5   |        25.4  |      9.6983e+06  |  1340     |   6246.5  |     2.02212e+07 |
| max   |  10      |  10      |     38      |     2.02428e+07 |   1.00312e+10 |      83.9    |   4.77546e+09 |    171751     |   1.35529e+11 |      1.25738e+06 |  674628     |    160308    |      1.75836e+07 |  2262     |  10416    |     2.02603e+07 |

#### 범주형 변수 기술통계
|        | rankOldAndNew   | movieNm   | openDt     | movie_id   |
|:-------|:----------------|:----------|:-----------|:-----------|
| count  | 347             | 347       | 347        | 347        |
| unique | 2               | 7         | 7          | 7          |
| top    | OLD             | 기생충       | 2019-05-30 | parasite   |
| freq   | 346             | 64        | 64         | 64         |

### 5. 데이터 시각화 및 심층 분석

#### 📊 수치형 변수 분포 및 기술통계
![수치형 변수 분포 및 기술통계](../images/boxoffice_daily_integrated_numeric_hist.png)

**[데이터 요약 표]**
|       |     rnum |     rank |   rankInten |         movieCd |      salesAmt |   salesShare |    salesInten |   salesChange |      salesAcc |
|:------|---------:|---------:|------------:|----------------:|--------------:|-------------:|--------------:|--------------:|--------------:|
| count | 347      | 347      |    347      |   347           | 347           |     347      | 347           |       347     | 347           |
| mean  |   3.6311 |   3.6311 |      0.2017 |     2.01891e+07 |   1.4243e+09  |      25.6476 |   3.07826e+06 |       827.855 |   5.19925e+10 |
| std   |   2.7939 |   2.7939 |      3.0373 | 38014.5         |   2.06811e+09 |      26.0646 |   1.16347e+09 |     10463.2   |   3.99042e+10 |
| min   |   1      |   1      |     -5      |     2.01294e+07 |   3.08096e+06 |       0.2    |  -5.63513e+09 |       -81.6   |   1.03663e+09 |
| 25%   |   1      |   1      |      0      |     2.01488e+07 |   1.32279e+08 |       3.2    |  -1.24614e+08 |       -22.05  |   1.8657e+10  |
| 50%   |   3      |   3      |      0      |     2.01838e+07 |   5.49382e+08 |      14      |  -8.7588e+06  |        -4.4   |   3.98012e+10 |
| 75%   |   5.5    |   5.5    |      0      |     2.02278e+07 |   1.69109e+09 |      47.85   |   9.07675e+07 |        30.45  |   8.33811e+10 |
| max   |  10      |  10      |     38      |     2.02428e+07 |   1.00312e+10 |      83.9    |   4.77546e+09 |    171751     |   1.35529e+11 |

> **전문 분석가 해석**: 각 수치형 변수의 데이터 분포를 히스토그램으로 시각화하였습니다. 분포의 왜도, 첨도, 중앙 집중 경향성 및 이상치 존재 가능성을 파악할 수 있으며, 데이터 전처리 방향을 결정하는 기초 자료가 됩니다.
........................................

#### 📊 변수 간 상관관계 행렬
![변수 간 상관관계 행렬](../images/boxoffice_daily_integrated_correlation.png)

**[데이터 요약 표]**
|             |    rnum |    rank |   rankInten |   movieCd |   salesAmt |   salesShare |   salesInten |   salesChange |   salesAcc |   audiCnt |   audiInten |   audiChange |   audiAcc |   scrnCnt |   showCnt |   targetDt |
|:------------|--------:|--------:|------------:|----------:|-----------:|-------------:|-------------:|--------------:|-----------:|----------:|------------:|-------------:|----------:|----------:|----------:|-----------:|
| rnum        |  1      |  1      |     -0.1169 |   -0.1414 |    -0.5597 |      -0.7815 |      -0.0137 |       -0.0746 |     0.2059 |   -0.5533 |     -0.0149 |      -0.0769 |    0.2192 |   -0.8411 |   -0.8253 |    -0.145  |
| rank        |  1      |  1      |     -0.1169 |   -0.1414 |    -0.5597 |      -0.7815 |      -0.0137 |       -0.0746 |     0.2059 |   -0.5533 |     -0.0149 |      -0.0769 |    0.2192 |   -0.8411 |   -0.8253 |    -0.145  |
| rankInten   | -0.1169 | -0.1169 |      1      |   -0.0216 |     0.0459 |       0.1342 |       0.1728 |        0.9106 |    -0.1326 |    0.0546 |      0.1988 |       0.9288 |   -0.1254 |    0.0929 |    0.1227 |    -0.0151 |
| movieCd     | -0.1414 | -0.1414 |     -0.0216 |    1      |    -0.0759 |       0.1912 |       0.0037 |       -0.0566 |    -0.461  |   -0.1527 |      0.0036 |      -0.0556 |   -0.5501 |    0.3379 |    0.1606 |     0.9815 |
| salesAmt    | -0.5597 | -0.5597 |      0.0459 |   -0.0759 |     1      |       0.7416 |       0.2802 |        0.0254 |    -0.0085 |    0.9925 |      0.2807 |       0.0275 |   -0.0155 |    0.6923 |    0.7627 |    -0.0318 |
| salesShare  | -0.7815 | -0.7815 |      0.1342 |    0.1912 |     0.7416 |       1      |       0.0308 |        0.0957 |    -0.0294 |    0.722  |      0.0369 |       0.0991 |   -0.0663 |    0.9477 |    0.9671 |     0.2377 |
| salesInten  | -0.0137 | -0.0137 |      0.1728 |    0.0037 |     0.2802 |       0.0308 |       1      |        0.1421 |    -0.1148 |    0.2606 |      0.9924 |       0.1486 |   -0.1073 |    0.0641 |    0.0708 |     0.0042 |
| salesChange | -0.0746 | -0.0746 |      0.9106 |   -0.0566 |     0.0254 |       0.0957 |       0.1421 |        1      |    -0.0988 |    0.0343 |      0.1655 |       0.9971 |   -0.0917 |    0.051  |    0.0825 |    -0.0566 |
| salesAcc    |  0.2059 |  0.2059 |     -0.1326 |   -0.461  |    -0.0085 |      -0.0294 |      -0.1148 |       -0.0988 |     1      |   -0.0014 |     -0.1214 |      -0.1016 |    0.992  |   -0.1272 |   -0.0875 |    -0.411  |
| audiCnt     | -0.5533 | -0.5533 |      0.0546 |   -0.1527 |     0.9925 |       0.722  |       0.2606 |        0.0343 |    -0.0014 |    1      |      0.2651 |       0.0365 |   -0.0004 |    0.6535 |    0.7401 |    -0.1106 |
| audiInten   | -0.0149 | -0.0149 |      0.1988 |    0.0036 |     0.2807 |       0.0369 |       0.9924 |        0.1655 |    -0.1214 |    0.2651 |      1      |       0.1727 |   -0.1145 |    0.065  |    0.0712 |     0.004  |
| audiChange  | -0.0769 | -0.0769 |      0.9288 |   -0.0556 |     0.0275 |       0.0991 |       0.1486 |        0.9971 |    -0.1016 |    0.0365 |      0.1727 |       1      |   -0.0943 |    0.0544 |    0.0866 |    -0.0542 |
| audiAcc     |  0.2192 |  0.2192 |     -0.1254 |   -0.5501 |    -0.0155 |      -0.0663 |      -0.1073 |       -0.0917 |     0.992  |   -0.0004 |     -0.1145 |      -0.0943 |    1      |   -0.1706 |   -0.1154 |    -0.5029 |
| scrnCnt     | -0.8411 | -0.8411 |      0.0929 |    0.3379 |     0.6923 |       0.9477 |       0.0641 |        0.051  |    -0.1272 |    0.6535 |      0.065  |       0.0544 |   -0.1706 |    1      |    0.9663 |     0.3794 |
| showCnt     | -0.8253 | -0.8253 |      0.1227 |    0.1606 |     0.7627 |       0.9671 |       0.0708 |        0.0825 |    -0.0875 |    0.7401 |      0.0712 |       0.0866 |   -0.1154 |    0.9663 |    1      |     0.2077 |
| targetDt    | -0.145  | -0.145  |     -0.0151 |    0.9815 |    -0.0318 |       0.2377 |       0.0042 |       -0.0566 |    -0.411  |   -0.1106 |      0.004  |      -0.0542 |   -0.5029 |    0.3794 |    0.2077 |     1      |

> **전문 분석가 해석**: 수치형 변수 간의 피어슨 상관계수를 히트맵으로 분석하였습니다. 상관계수가 1에 가까울수록 강한 정적 상관, -1에 가까울수록 강한 부적 상관을 의미합니다. 이를 통해 변수 간의 선형적 연관성과 다중공선성 문제를 진단할 수 있습니다.
........................................

#### 📊 [rankOldAndNew] 범주 빈도 분포
![[rankOldAndNew] 범주 빈도 분포](../images/boxoffice_daily_integrated_rankOldAndNew_freq.png)

**[데이터 요약 표]**
| rankOldAndNew   |   빈도 |
|:----------------|-----:|
| OLD             |  346 |
| NEW             |    1 |

> **전문 분석가 해석**: 'rankOldAndNew' 범주형 변수의 빈도 분포를 시각화하였습니다. 상위 30개 범주를 통해 데이터의 편향성이나 주된 범주 구성을 한눈에 확인할 수 있으며, 범주별 비중 차이가 유의미한지 판단의 근거가 됩니다.
........................................

#### 📊 [movieNm] 범주 빈도 분포
![[movieNm] 범주 빈도 분포](../images/boxoffice_daily_integrated_movieNm_freq.png)

**[데이터 요약 표]**
| movieNm   |   빈도 |
|:----------|-----:|
| 기생충       |   64 |
| 헤어질 결심    |   59 |
| 명량        |   56 |
| 올빼미       |   55 |
| 사도        |   42 |
| 왕과 사는 남자  |   42 |
| 남산의 부장들   |   29 |

> **전문 분석가 해석**: 'movieNm' 범주형 변수의 빈도 분포를 시각화하였습니다. 상위 30개 범주를 통해 데이터의 편향성이나 주된 범주 구성을 한눈에 확인할 수 있으며, 범주별 비중 차이가 유의미한지 판단의 근거가 됩니다.
........................................

#### 📊 [openDt] 범주 빈도 분포
![[openDt] 범주 빈도 분포](../images/boxoffice_daily_integrated_openDt_freq.png)

**[데이터 요약 표]**
| openDt     |   빈도 |
|:-----------|-----:|
| 2019-05-30 |   64 |
| 2022-06-29 |   59 |
| 2014-07-30 |   56 |
| 2022-11-23 |   55 |
| 2015-09-16 |   42 |
| 2026-02-04 |   42 |
| 2020-01-22 |   29 |

> **전문 분석가 해석**: 'openDt' 범주형 변수의 빈도 분포를 시각화하였습니다. 상위 30개 범주를 통해 데이터의 편향성이나 주된 범주 구성을 한눈에 확인할 수 있으며, 범주별 비중 차이가 유의미한지 판단의 근거가 됩니다.
........................................

#### 📊 [rankOldAndNew]별 [rnum] 분포 비교
![[rankOldAndNew]별 [rnum] 분포 비교](../images/boxoffice_daily_integrated_rnum_by_rankOldAndNew_box.png)

**[데이터 요약 표]**
| rankOldAndNew   |   count |   mean |   std |   min |   25% |   50% |   75% |   max |
|:----------------|--------:|-------:|------:|------:|------:|------:|------:|------:|
| NEW             |       1 |   2    | nan   |     2 |     2 |     2 |  2    |     2 |
| OLD             |     346 |   3.64 |   2.8 |     1 |     1 |     3 |  5.75 |    10 |

> **전문 분석가 해석**: 'rnum' 수치 데이터를 'rankOldAndNew' 범주로 그룹화하여 박스플롯으로 분석하였습니다. 그룹별 중앙값, 사분위수 범위(IQR), 이상치 분포를 비교함으로써 범주에 따른 수치값의 유의미한 차이가 존재하는지 직관적으로 파악할 수 있습니다.
........................................

#### 📊 [rnum] vs [rank] 상관 분석
![[rnum] vs [rank] 상관 분석](../images/boxoffice_daily_integrated_rnum_vs_rank_scatter.png)

**[데이터 요약 표]**
| 그룹   |   상관계수 |   데이터수 |
|:-----|-------:|-------:|
| OLD  |      1 |    346 |

> **전문 분석가 해석**: 'rnum'와 'rank'의 관계를 산점도로 분석하였습니다. 범주 [rankOldAndNew]를 색상으로 구분하여 데이터의 밀집도, 선형 관계의 강도, 그리고 특정 군집이 형성되는지 여부를 세밀하게 관찰할 수 있습니다.
........................................

#### 📊 [rnum] 시계열 추이 분석
![[rnum] 시계열 추이 분석](../images/boxoffice_daily_integrated_rnum_timeseries.png)

**[데이터 요약 표]**
| rankOldAndNew   |   count |   mean |   min |   max |
|:----------------|--------:|-------:|------:|------:|
| NEW             |       1 |   2    |     2 |     2 |
| OLD             |     346 |   3.64 |     1 |    10 |

> **전문 분석가 해석**: 'openDt'에 따른 'rnum'의 시계열 추세를 분석하였습니다. 시간의 흐름에 따른 변동성, 계절적 패턴, 특정 시점의 급격한 변화를 통해 외부 이벤트와의 연관성이나 장기적인 성장/감소 경향을 도출할 수 있습니다.
........................................

#### 📊 [movie_id] 핵심 키워드 분석 (TF-IDF)
![[movie_id] 핵심 키워드 분석 (TF-IDF)](../images/boxoffice_daily_integrated_movie_id_tfidf.png)

**[데이터 요약 표]**
| 키워드         |   TF-IDF 평균 |
|:------------|------------:|
| parasite    |   0.184438  |
| myeongryang |   0.161383  |
| the         |   0.148281  |
| sado        |   0.121037  |
| night       |   0.100153  |
| owl         |   0.100153  |
| decision    |   0.0981662 |
| leave       |   0.0981662 |
| to          |   0.0981662 |
| garden      |   0.0777733 |
| kings       |   0.0777733 |
| man         |   0.0457392 |
| next        |   0.0457392 |
| standing    |   0.0457392 |

> **전문 분석가 해석**: 'movie_id' 텍스트 데이터에서 TF-IDF(Term Frequency-Inverse Document Frequency) 알고리즘을 사용하여 핵심 키워드를 추출하였습니다. 빈도수만 고려하지 않고 문서군 내에서의 중요도를 반영하여 실질적인 핵심 의미를 파악하는 데 유용합니다.
........................................

> ✅ 해당 파일에 대해 총 **9개**의 정밀 시각화 및 분석 표 생성을 완료하였습니다.
────────────────────────────────────────────────────────────────────────────────

### 추가 시각화

#### 📊 boxoffice_daily_integrated - 영화별 누적관객수 비교
![boxoffice_daily_integrated - 영화별 누적관객수 비교](../images/boxoffice_daily_integrated_audi_acc_bar.png)

**[데이터 요약 표]**
| movie_id              |   최대 누적관객수 |
|:----------------------|-----------:|
| myeongryang           |   17583608 |
| the_kings_garden      |   13722159 |
| parasite              |   10065245 |
| sado                  |    6234631 |
| the_man_standing_next |    4748387 |
| the_night_owl         |    3321661 |
| decision_to_leave     |    1863289 |

